package model;

public interface ParserConstants
{
    int START_SYMBOL = 49;

    int FIRST_NON_TERMINAL    = 49;
    int FIRST_SEMANTIC_ACTION = 87;

    int[][] PARSER_TABLE =
    {
        { -1, -1, -1, -1, -1, -1, -1, -1, -1,  0, -1, -1, -1, -1, -1, -1, -1, -1, -1, -1,  0, -1, -1, -1, -1, -1, -1, -1, -1, -1, -1, -1, -1, -1, -1, -1, -1, -1, -1, -1, -1, -1, -1, -1, -1, -1, -1, -1 },
        { -1,  1, -1, -1, -1, -1, -1, -1, -1, -1,  1, -1, -1, -1, -1, -1, -1,  1, -1,  1, -1,  1, -1, -1, -1, -1, -1, -1, -1, -1, -1, -1, -1, -1, -1, -1, -1, -1, -1, -1, -1, -1, -1, -1, -1, -1, -1, -1 },
        { -1,  3, -1, -1, -1, -1, -1, -1, -1, -1,  3,  2,  2,  2, -1, -1, -1,  3, -1,  3, -1,  3, -1, -1, -1, -1, -1,  2, -1, -1, -1, -1, -1, -1, -1, -1, -1, -1, -1, -1, -1, -1, -1, -1, -1, -1, -1, -1 },
        { -1,  4, -1, -1, -1, -1, -1, -1, -1, -1,  8, -1, -1, -1, -1, -1, -1,  7, -1,  5, -1,  6, -1, -1, -1, -1, -1, -1, -1, -1, -1, -1, -1, -1, -1, -1, -1, -1, -1, -1, -1, -1, -1, -1, -1, -1, -1, -1 },
        { -1, -1, -1, -1, -1, -1, -1, -1, -1,  9, -1, -1, -1, -1, -1, -1, -1, -1, -1, -1, 10, -1, -1, -1, -1, -1, -1, -1, -1, -1, -1, -1, -1, -1, -1, -1, -1, -1, -1, -1, -1, -1, -1, -1, -1, -1, -1, -1 },
        { -1, 11, -1, -1, -1, -1, -1, -1, -1, -1, -1, -1, -1, -1, -1, -1, -1, -1, -1, -1, -1, -1, -1, -1, -1, -1, -1, -1, -1, -1, -1, -1, -1, -1, -1, -1, -1, -1, -1, -1, -1, -1, -1, -1, -1, -1, -1, -1 },
        { -1, 13, -1, -1, -1, -1, -1, -1, -1, -1, -1, -1, -1, -1, -1, -1, -1, -1, -1, -1, 12, -1, -1, -1, -1, -1, -1, -1, -1, -1, -1, -1, -1, -1, -1, -1, -1, -1, -1, -1, -1, -1, -1, -1, -1, -1, -1, -1 },
        { -1, 14, -1, -1, -1, -1, -1, -1, -1, -1, -1, -1, -1, -1, -1, -1, -1, -1, -1, -1, -1, -1, -1, -1, -1, -1, -1, -1, -1, -1, -1, -1, -1, -1, -1, -1, -1, -1, -1, -1, -1, -1, -1, -1, -1, -1, -1, -1 },
        { -1, -1, -1, -1, -1, -1, -1, -1, -1, -1, -1, -1, -1, -1, -1, -1, -1, -1, -1, -1, -1, -1, -1, -1, -1, -1, -1, -1, -1, -1, -1, -1, -1, -1, -1, -1, -1, -1, -1, -1, -1, -1, -1, -1, 15, 16, -1, -1 },
        { -1, 17, -1, -1, -1, -1, -1, -1, -1, -1, -1, -1, -1, -1, -1, -1, -1, -1, -1, -1, -1, -1, -1, -1, -1, -1, -1, -1, -1, -1, -1, -1, -1, -1, -1, -1, -1, -1, -1, -1, -1, -1, -1, -1, -1, -1, -1, -1 },
        { -1, -1, -1, -1, -1, -1, -1, -1, -1, -1, -1, -1, -1, -1, -1, -1, -1, -1, -1, -1, -1, -1, -1, -1, -1, -1, -1, -1, -1, 18, -1, -1, -1, -1, -1, -1, -1, -1, -1, -1, -1, 19, -1, -1, 18, 18, 18, 18 },
        { -1, -1, -1, -1, -1, -1, -1, 24, 22, -1, -1, -1, -1, -1, -1, 21, 25, -1, 20, -1, -1, -1, 23, -1, -1, -1, -1, -1, -1, -1, -1, -1, -1, -1, -1, -1, -1, -1, -1, -1, -1, -1, -1, -1, -1, -1, -1, -1 },
        { -1, -1, 28, 29, 30, 31, 32, -1, -1, -1, -1, -1, -1, -1, 27, -1, -1, -1, -1, -1, -1, -1, -1, -1, -1, -1, 26, -1, -1, -1, -1, -1, -1, -1, -1, -1, -1, -1, -1, -1, -1, -1, -1, -1, -1, -1, -1, -1 },
        { -1, 33, -1, -1, -1, -1, -1, -1, -1, -1, -1, -1, -1, -1, -1, -1, -1, -1, -1, -1, -1, -1, -1, -1, -1, -1, -1, -1, -1, -1, -1, -1, -1, -1, -1, -1, -1, -1, -1, -1, -1, -1, -1, -1, -1, -1, -1, -1 },
        { -1, -1, -1, -1, -1, -1, -1, -1, -1, -1, -1, -1, -1, -1, -1, -1, -1, -1, -1, -1, -1, -1, -1, -1, -1, -1, -1, -1, -1, -1, -1, -1, -1, -1, -1, -1, -1, -1, -1, -1, -1, -1, -1, -1, -1, 36, 34, 35 },
        { -1, -1, -1, -1, -1, -1, -1, -1, -1, -1, -1, -1, -1, -1, -1, -1, -1, -1, -1, 37, -1, -1, -1, -1, -1, -1, -1, -1, -1, -1, -1, -1, -1, -1, -1, -1, -1, -1, -1, -1, -1, -1, -1, -1, -1, -1, -1, -1 },
        { -1, -1, -1, -1, -1, -1, -1, -1, -1, -1, -1, -1, -1, -1, -1, -1, -1, -1, -1, -1, -1, 38, -1, -1, -1, -1, -1, -1, -1, -1, -1, -1, -1, -1, -1, -1, -1, -1, -1, -1, -1, -1, -1, -1, -1, -1, -1, -1 },
        { -1, 39, 39, 39, 39, 39, 39, -1, -1, -1, -1, -1, -1, -1, 39, -1, -1, -1, -1, -1, -1, -1, -1, -1, -1, -1, 39, -1, 39, -1, -1, -1, -1, -1, -1, -1, 39, 39, 39, -1, -1, -1, -1, -1, -1, -1, -1, -1 },
        { -1, -1, -1, -1, -1, -1, -1, -1, -1, -1, -1, -1, -1, -1, -1, -1, -1, -1, -1, -1, -1, -1, -1, -1, -1, -1, -1, -1, -1, 40, -1, -1, -1, -1, -1, -1, -1, -1, -1, -1, -1, 41, -1, -1, -1, -1, -1, -1 },
        { -1, -1, -1, -1, -1, -1, -1, -1, -1, -1, -1, -1, -1, -1, -1, -1, -1, 42, -1, -1, -1, -1, -1, -1, -1, -1, -1, -1, -1, -1, -1, -1, -1, -1, -1, -1, -1, -1, -1, -1, -1, -1, -1, -1, -1, -1, -1, -1 },
        { -1, 43, 43, 43, 43, 43, 43, -1, -1, -1, -1, -1, -1, -1, 43, -1, -1, -1, -1, -1, -1, -1, -1, -1, -1, -1, 43, -1, 43, -1, -1, -1, -1, -1, -1, -1, 43, 43, 43, -1, -1, -1, -1, -1, -1, -1, -1, -1 },
        { -1, -1, -1, -1, -1, -1, -1, -1, -1, -1, -1, 44, 45, 45, -1, -1, -1, -1, -1, -1, -1, -1, -1, -1, -1, -1, -1, -1, -1, -1, -1, -1, -1, -1, -1, -1, -1, -1, -1, -1, -1, -1, -1, -1, -1, -1, -1, -1 },
        { -1, -1, -1, -1, -1, -1, -1, -1, -1, -1, -1, -1, 46, 47, -1, -1, -1, -1, -1, -1, -1, -1, -1, -1, -1, -1, -1, -1, -1, -1, -1, -1, -1, -1, -1, -1, -1, -1, -1, -1, -1, -1, -1, -1, -1, -1, -1, -1 },
        { -1, -1, -1, -1, -1, -1, -1, -1, -1, -1, 48, -1, -1, -1, -1, -1, -1, -1, -1, -1, -1, -1, -1, -1, -1, -1, -1, -1, -1, -1, -1, -1, -1, -1, -1, -1, -1, -1, -1, -1, -1, -1, -1, -1, -1, -1, -1, -1 },
        { -1, 49, 49, 49, 49, 49, 49, -1, -1, -1, -1, -1, -1, -1, 49, -1, -1, -1, -1, -1, -1, -1, -1, -1, -1, -1, 49, -1, 49, -1, -1, -1, -1, -1, -1, -1, 49, 49, 49, -1, -1, -1, -1, -1, -1, -1, -1, -1 },
        { -1, -1, -1, -1, -1, -1, -1, -1, -1, -1, -1, -1, -1, 52, -1, -1, -1, -1, -1, -1, -1, -1, -1, -1, -1, -1, -1, -1, -1, 52, -1, -1, -1, -1, 50, 51, -1, -1, -1, -1, -1, 52, -1, 52, 52, -1, -1, -1 },
        { -1, 53, 53, 53, 53, 53, 53, -1, -1, -1, -1, -1, -1, -1, 55, -1, -1, -1, -1, -1, -1, -1, -1, -1, -1, -1, 54, -1, 53, -1, -1, -1, -1, -1, -1, -1, 56, 53, 53, -1, -1, -1, -1, -1, -1, -1, -1, -1 },
        { -1, 57, 57, 57, 57, 57, 57, -1, -1, -1, -1, -1, -1, -1, -1, -1, -1, -1, -1, -1, -1, -1, -1, -1, -1, -1, -1, -1, 57, -1, -1, -1, -1, -1, -1, -1, -1, 57, 57, -1, -1, -1, -1, -1, -1, -1, -1, -1 },
        { -1, -1, -1, -1, -1, -1, -1, -1, -1, -1, -1, -1, -1, 59, -1, -1, -1, -1, -1, -1, -1, -1, -1, -1, -1, -1, -1, -1, -1, 59, 58, 58, 58, 58, 59, 59, -1, -1, -1, -1, -1, 59, -1, 59, 59, -1, -1, -1 },
        { -1, -1, -1, -1, -1, -1, -1, -1, -1, -1, -1, -1, -1, -1, -1, -1, -1, -1, -1, -1, -1, -1, -1, -1, -1, -1, -1, -1, -1, -1, 60, 61, 62, 63, -1, -1, -1, -1, -1, -1, -1, -1, -1, -1, -1, -1, -1, -1 },
        { -1, 64, 64, 64, 64, 64, 64, -1, -1, -1, -1, -1, -1, -1, -1, -1, -1, -1, -1, -1, -1, -1, -1, -1, -1, -1, -1, -1, 64, -1, -1, -1, -1, -1, -1, -1, -1, 64, 64, -1, -1, -1, -1, -1, -1, -1, -1, -1 },
        { -1, -1, -1, -1, -1, -1, -1, -1, -1, -1, -1, -1, -1, 67, -1, -1, -1, -1, -1, -1, -1, -1, -1, -1, -1, -1, -1, -1, -1, 67, 67, 67, 67, 67, 67, 67, -1, 65, 66, -1, -1, 67, -1, 67, 67, -1, -1, -1 },
        { -1, 68, 68, 68, 68, 68, 68, -1, -1, -1, -1, -1, -1, -1, -1, -1, -1, -1, -1, -1, -1, -1, -1, -1, -1, -1, -1, -1, 68, -1, -1, -1, -1, -1, -1, -1, -1, 68, 68, -1, -1, -1, -1, -1, -1, -1, -1, -1 },
        { -1, -1, -1, -1, -1, -1, -1, -1, -1, -1, -1, -1, -1, 71, -1, -1, -1, -1, -1, -1, -1, -1, -1, -1, -1, -1, -1, -1, -1, 71, 71, 71, 71, 71, 71, 71, -1, 71, 71, 69, 70, 71, -1, 71, 71, -1, -1, -1 },
        { -1, 72, 72, 72, 72, 72, 72, -1, -1, -1, -1, -1, -1, -1, -1, -1, -1, -1, -1, -1, -1, -1, -1, -1, -1, -1, -1, -1, 72, -1, -1, -1, -1, -1, -1, -1, -1, 72, 72, -1, -1, -1, -1, -1, -1, -1, -1, -1 },
        { -1, -1, -1, -1, -1, -1, -1, -1, -1, -1, -1, -1, -1, 73, -1, -1, -1, -1, -1, -1, -1, -1, -1, -1, -1, -1, -1, -1, -1, 73, 73, 73, 73, 73, 73, 73, -1, 73, 73, 73, 73, 73, 74, 73, 73, -1, -1, -1 },
        { -1, -1, -1, -1, -1, -1, -1, -1, -1, -1, -1, -1, -1, -1, -1, -1, -1, -1, -1, -1, -1, -1, -1, 75, 76, 77, -1, -1, -1, -1, -1, -1, -1, -1, -1, -1, -1, -1, -1, -1, -1, -1, -1, -1, -1, -1, -1, -1 },
        { -1, 78, 79, 80, 82, 83, 81, -1, -1, -1, -1, -1, -1, -1, -1, -1, -1, -1, -1, -1, -1, -1, -1, -1, -1, -1, -1, -1, 84, -1, -1, -1, -1, -1, -1, -1, -1, 85, 86, -1, -1, -1, -1, -1, -1, -1, -1, -1 }
    };

    int[][] PRODUCTIONS = 
    {
        { 102,  53,  21,  50,  14, 103 },
        {  52,  44,  51 },
        {   0 },
        {  50 },
        {  62 },
        {  64 },
        {  65 },
        {  68 },
        {  72 },
        {  10,  54 },
        {   0 },
        {  56,  55 },
        {   0 },
        {  54 },
        {  58,  57 },
        {  45,  60,  44 },
        {  46,  61,  44 },
        {   2,  59 },
        {   0 },
        {  42,  58 },
        {  19 },
        {  16 },
        {   9 },
        {  23 },
        {   8 },
        {  17 },
        {  27 },
        {  15 },
        {   3 },
        {   4 },
        {   5 },
        {   6 },
        {   7 },
        {  58,  63,  73 },
        {  47 },
        {  48 },
        {  46 },
        {  20,  29,  58,  30 },
        {  22,  29,  66,  30 },
        {  73, 101,  67 },
        {   0 },
        {  42,  66 },
        {  18,  69,  70,  71,  14 },
        {  73,  45,  50 },
        {  12,  69,  70 },
        {   0 },
        {  13,  50 },
        {   0 },
        {  11,  50,  28,  45,  73,  14 },
        {  75,  74 },
        {  35,  75,  74 },
        {  36,  75,  74 },
        {   0 },
        {  76 },
        {  27 },
        {  15 },
        {  37,  75 },
        {  79,  77 },
        {  78,  79 },
        {   0 },
        {  31 },
        {  32 },
        {  33 },
        {  34 },
        {  81,  80 },
        {  38,  81,  88,  80 },
        {  39,  81,  89,  80 },
        {   0 },
        {  83,  82 },
        {  40,  83,  90,  82 },
        {  41,  83,  91,  82 },
        {   0 },
        {  86,  84 },
        {   0 },
        {  43,  85 },
        {  24 },
        {  25 },
        {  26 },
        {   2 },
        {   3,  92 },
        {   4,  93 },
        {   7 },
        {   5 },
        {   6 },
        {  29,  73,  30 },
        {  38,  86 },
        {  39,  86 }
    };

    String[] PARSER_ERROR =
    {
        "",
        "Era esperado fim de programa",
        "Era esperado identificador",
        "Era esperado cInteira",
        "Era esperado cReal",
        "Era esperado cBinaria",
        "Era esperado cHexadecimal",
        "Era esperado cString",
        "Era esperado bin",
        "Era esperado bool",
        "Era esperado def",
        "Era esperado do",
        "Era esperado elif",
        "Era esperado else",
        "Era esperado end",
        "Era esperado false",
        "Era esperado float",
        "Era esperado hexa",
        "Era esperado if",
        "Era esperado int",
        "Era esperado listen",
        "Era esperado main",
        "Era esperado speak",
        "Era esperado str",
        "Era esperado toInt",
        "Era esperado toBin",
        "Era esperado toHexa",
        "Era esperado true",
        "Era esperado whileFalse",
        "Era esperado \"(\"",
        "Era esperado \")\"",
        "Era esperado \"==\"",
        "Era esperado \"!=\"",
        "Era esperado \"<\"",
        "Era esperado \">\"",
        "Era esperado \"&\"",
        "Era esperado \"|\"",
        "Era esperado \"!\"",
        "Era esperado \"+\"",
        "Era esperado \"-\"",
        "Era esperado \"*\"",
        "Era esperado \"/\"",
        "Era esperado \",\"",
        "Era esperado \".\"",
        "Era esperado \";\"",
        "Era esperado \":\"",
        "Era esperado \"=\"",
        "Era esperado \"+=\"",
        "Era esperado \"-=\"",
        "<programa> inválido",
        "<lista_de_comandos> inválido",
        "<lista_de_comandos1> inválido",
        "<comando> inválido",
        "<declaracao> inválido",
        "<declaracao_de_variaveis> inválido",
        "<declaracao_de_variaveis1> inválido",
        "<variavel> inválido",
        "<variavel1> inválido",
        "<lista_id> inválido",
        "<lista_id1> inválido",
        "<tipo> inválido",
        "<valor> inválido",
        "<atribuicao> inválido",
        "<simbolo_de_atribuicao> inválido",
        "<entrada> inválido",
        "<saida> inválido",
        "<lista_de_expressoes> inválido",
        "<lista_de_expressoes1> inválido",
        "<selecao> inválido",
        "<verificacao_e_execucao> inválido",
        "<elif> inválido",
        "<else> inválido",
        "<repeticao> inválido",
        "<expressao> inválido",
        "<expressao1> inválido",
        "<elemento> inválido",
        "<relacional> inválido",
        "<relacional1> inválido",
        "<operador_relacional> inválido",
        "<aritmetica> inválido",
        "<aritmetica1> inválido",
        "<termo> inválido",
        "<termo1> inválido",
        "<fator> inválido",
        "<fator1> inválido",
        "<fator2> inválido",
        "<membro> inválido"
    };
}
